801 0.144705
 802 0.144525
 803 0.144691
 804 0.144557
 805 0.144674
 806 0.144587
 807 0.144653
 808 0.144615
 809 0.14463
 810 0.144639
 811 0.144604
 812 0.144661
 813 0.144576
 814 0.144679
 815 0.144544
 816 0.144695
 817 0.14451
 818 0.144709
 819 0.144473
 820 0.144719
 821 0.144433
 822 0.144727
 823 0.144391
 824 0.144732
 825 0.144346
 826 0.144734
 827 0.144339
 828 0.144734
 829 0.144383
 830 0.144731
 831 0.144425
 832 0.144725
 833 0.144463
 834 0.144717
 835 0.144499
 836 0.144706
 837 0.144533
 838 0.144692
 839 0.144564
 840 0.144676
 841 0.144592
 842 0.144657
 843 0.144617
 844 0.144636
 845 0.144641
 846 0.144612
 847 0.144661
 848 0.144585
 849 0.144679
 850 0.144556
 851 0.144694
 852 0.144524
 853 0.144707
 854 0.14449
 855 0.144718
 856 0.144453
 857 0.144725
 858 0.144414
 859 0.144731
 860 0.144372
 861 0.144734
 862 0.144343
 863 0.144734
 864 0.144385
 865 0.144732
 866 0.144425
 867 0.144727
 868 0.144462
 869 0.14472
 870 0.144497
 871 0.144711
 872 0.144529
 873 0.144699
 874 0.144559
 875 0.144684
 876 0.144586
 877 0.144668
 878 0.144612
 879 0.144649
 880 0.144634
 881 0.144627
 882 0.144655
 883 0.144603
 884 0.144673
 885 0.144577
 886 0.144688
 887 0.144549
 888 0.144702
 889 0.144518
 890 0.144713
 891 0.144484
 892 0.144721
 893 0.144449
 894 0.144728
 895 0.144411
 896 0.144732
 897 0.144371
 898 0.144733
 899 0.144373
 900 0.144733
 901 0.144412
 902 0.14473
 903 0.144448
 904 0.144725
 905 0.144482
 906 0.144718
 907 0.144514
 908 0.144708
 909 0.144544
 910 0.144697
 911 0.144572
 912 0.144683
 913 0.144597
 914 0.144666
 915 0.14462
 916 0.144648
 917 0.144641
 918 0.144627
 919 0.14466
 920 0.144605
 921 0.144677
 922 0.14458
 923 0.144691
 924 0.144553
 925 0.144703
 926 0.144523
 927 0.144714
 928 0.144492
 929 0.144722
 930 0.144458
 931 0.144728
 932 0.144423
 933 0.144731
 934 0.144385
 935 0.144733
 936 0.144386
 937 0.144733
 938 0.144422
 939 0.14473
 940 0.144457
 941 0.144725
 942 0.144489
 943 0.144719
 944 0.14452
 945 0.14471
 946 0.144548
 947 0.144699
 948 0.144574
 949 0.144686
 950 0.144598
 951 0.144671
 952 0.144621
 953 0.144654
 954 0.144641
 955 0.144635
 956 0.144659
 957 0.144614
 958 0.144675
 959 0.144591
 960 0.144689
 961 0.144566
 962 0.144701
 963 0.144539
 964 0.144711
 965 0.14451
 966 0.14472
 967 0.144479
 968 0.144726
 969 0.144446
 970 0.14473
 971 0.144412
 972 0.144732
 973 0.144385
 974 0.144733
 975 0.14442
 976 0.144731
 977 0.144453
 978 0.144727
 979 0.144485
 980 0.144722
 981 0.144514
 982 0.144715
 983 0.144542
 984 0.144705
 985 0.144567
 986 0.144694
 987 0.144591
 988 0.144681
 989 0.144613
 990 0.144666
 991 0.144633
 992 0.144649
 993 0.144651
 994 0.144631
 995 0.144668
 996 0.14461
 997 0.144682
 998 0.144588
 999 0.144695
 1000 0.144563
 