801 0.144617 0.144639
 802 0.144711 0.144638
 803 0.144644 0.144639
 804 0.144691 0.144638
 805 0.144669 0.144639
 806 0.144668 0.144639
 807 0.144691 0.144639
 808 0.144643 0.144639
 809 0.144711 0.144639
 810 0.144615 0.14464
 811 0.144728 0.144639
 812 0.144585 0.14464
 813 0.144742 0.144639
 814 0.144552 0.14464
 815 0.144755 0.144639
 816 0.144517 0.144641
 817 0.144764 0.144639
 818 0.14448 0.144641
 819 0.144772 0.144639
 820 0.14444 0.144642
 821 0.144777 0.144639
 822 0.144398 0.144642
 823 0.144779 0.14464
 824 0.144372 0.144642
 825 0.144779 0.14464
 826 0.144414 0.144642
 827 0.144777 0.14464
 828 0.144454 0.144642
 829 0.144773 0.14464
 830 0.144491 0.144643
 831 0.144766 0.14464
 832 0.144526 0.144643
 833 0.144756 0.144641
 834 0.144559 0.144643
 835 0.144745 0.144641
 836 0.144589 0.144643
 837 0.144731 0.144641
 838 0.144617 0.144643
 839 0.144715 0.144642
 840 0.144643 0.144643
 841 0.144696 0.144642
 842 0.144667 0.144643
 843 0.144676 0.144642
 844 0.144688 0.144643
 845 0.144652 0.144643
 846 0.144707 0.144643
 847 0.144627 0.144643
 848 0.144723 0.144643
 849 0.1446 0.144644
 850 0.144738 0.144643
 851 0.14457 0.144644
 852 0.14475 0.144643
 853 0.144538 0.144644
 854 0.14476 0.144643
 855 0.144504 0.144645
 856 0.144767 0.144643
 857 0.144467 0.144645
 858 0.144773 0.144643
 859 0.144429 0.144645
 860 0.144776 0.144643
 861 0.144388 0.144645
 862 0.144777 0.144643
 863 0.14441 0.144646
 864 0.144776 0.144643
 865 0.144448 0.144646
 866 0.144773 0.144644
 867 0.144484 0.144646
 868 0.144767 0.144644
 869 0.144518 0.144646
 870 0.14476 0.144644
 871 0.14455 0.144646
 872 0.14475 0.144644
 873 0.144579 0.144646
 874 0.144738 0.144645
 875 0.144607 0.144646
 876 0.144724 0.144645
 877 0.144632 0.144646
 878 0.144708 0.144645
 879 0.144655 0.144646
 880 0.14469 0.144646
 881 0.144676 0.144646
 882 0.14467 0.144646
 883 0.144696 0.144646
 884 0.144648 0.144646
 885 0.144713 0.144646
 886 0.144624 0.144647
 887 0.144727 0.144646
 888 0.144597 0.144647
 889 0.14474 0.144646
 890 0.144569 0.144647
 891 0.144751 0.144646
 892 0.144538 0.144648
 893 0.14476 0.144646
 894 0.144506 0.144648
 895 0.144767 0.144646
 896 0.144471 0.144648
 897 0.144771 0.144646
 898 0.144435 0.144649
 899 0.144774 0.144647
 900 0.144396 0.144649
 901 0.144775 0.144647
 902 0.144428 0.144649
 903 0.144773 0.144647
 904 0.144464 0.144649
 905 0.14477 0.144647
 906 0.144497 0.144649
 907 0.144765 0.144647
 908 0.144529 0.144649
 909 0.144758 0.144647
 910 0.144558 0.144649
 911 0.144749 0.144648
 912 0.144586 0.144649
 913 0.144738 0.144648
 914 0.144612 0.14465
 915 0.144724 0.144648
 916 0.144635 0.14465
 917 0.14471 0.144649
 918 0.144657 0.14465
 919 0.144693 0.144649
 920 0.144677 0.14465
 921 0.144674 0.144649
 922 0.144695 0.14465
 923 0.144653 0.14465
 924 0.144711 0.144649
 925 0.144631 0.14465
 926 0.144725 0.144649
 927 0.144606 0.14465
 928 0.144738 0.144649
 929 0.14458 0.144651
 930 0.144748 0.144649
 931 0.144552 0.144651
 932 0.144757 0.14465
 933 0.144522 0.144651
 934 0.144763 0.14465
 935 0.14449 0.144651
 936 0.144768 0.14465
 937 0.144456 0.144652
 938 0.144771 0.14465
 939 0.14442 0.144652
 940 0.144773 0.14465
 941 0.14443 0.144652
 942 0.144772 0.14465
 943 0.144464 0.144652
 944 0.144769 0.14465
 945 0.144496 0.144652
 946 0.144765 0.14465
 947 0.144526 0.144652
 948 0.144759 0.144651
 949 0.144555 0.144652
 950 0.144751 0.144651
 951 0.144581 0.144653
 952 0.144741 0.144651
 953 0.144606 0.144653
 954 0.14473 0.144651
 955 0.144629 0.144653
 956 0.144717 0.144652
 957 0.144651 0.144653
 958 0.144702 0.144652
 959 0.14467 0.144653
 960 0.144685 0.144652
 961 0.144688 0.144653
 962 0.144666 0.144652
 963 0.144704 0.144653
 964 0.144646 0.144653
 965 0.144718 0.144653
 966 0.144624 0.144653
 967 0.144731 0.144652
 968 0.1446 0.144653
 969 0.144742 0.144652
 970 0.144575 0.144654
 971 0.144751 0.144653
 972 0.144548 0.144654
 973 0.144758 0.144653
 974 0.144519 0.144654
 975 0.144764 0.144653
 976 0.144488 0.144654
 977 0.144768 0.144653
 978 0.144456 0.144655
 979 0.14477 0.144653
 980 0.144422 0.144655
 981 0.14477 0.144653
 982 0.144451 0.144655
 983 0.144769 0.144653
 984 0.144483 0.144655
 985 0.144767 0.144653
 986 0.144512 0.144655
 987 0.144762 0.144653
 988 0.14454 0.144655
 989 0.144756 0.144654
 990 0.144567 0.144655
 991 0.144748 0.144654
 992 0.144591 0.144655
 993 0.144739 0.144654
 994 0.144615 0.144655
 995 0.144728 0.144654
 996 0.144636 0.144655
 997 0.144715 0.144655
 998 0.144656 0.144655
 999 0.144701 0.144655
 1000 0.144674 0.144655
 