801 0.144552 0.144417
 802 0.14421 0.144419
 803 0.144557 0.144417
 804 0.144164 0.14442
 805 0.14456 0.144418
 806 0.144153 0.14442
 807 0.14456 0.144418
 808 0.144199 0.144421
 809 0.144557 0.144419
 810 0.144241 0.144421
 811 0.144552 0.144419
 812 0.144282 0.144422
 813 0.144544 0.14442
 814 0.144319 0.144422
 815 0.144533 0.14442
 816 0.144354 0.144423
 817 0.144519 0.144421
 818 0.144386 0.144423
 819 0.144502 0.144422
 820 0.144415 0.144423
 821 0.144483 0.144422
 822 0.144442 0.144424
 823 0.144462 0.144423
 824 0.144466 0.144424
 825 0.144437 0.144424
 826 0.144487 0.144424
 827 0.14441 0.144425
 828 0.144506 0.144424
 829 0.14438 0.144425
 830 0.144522 0.144425
 831 0.144348 0.144426
 832 0.144535 0.144425
 833 0.144313 0.144427
 834 0.144546 0.144425
 835 0.144275 0.144427
 836 0.144554 0.144426
 837 0.144235 0.144428
 838 0.14456 0.144426
 839 0.144192 0.144429
 840 0.144563 0.144427
 841 0.144164 0.144429
 842 0.144563 0.144427
 843 0.144207 0.14443
 844 0.144561 0.144427
 845 0.144248 0.14443
 846 0.144557 0.144428
 847 0.144286 0.14443
 848 0.14455 0.144429
 849 0.144322 0.144431
 850 0.14454 0.144429
 851 0.144356 0.144431
 852 0.144528 0.14443
 853 0.144386 0.144432
 854 0.144514 0.14443
 855 0.144415 0.144432
 856 0.144496 0.144431
 857 0.144441 0.144432
 858 0.144477 0.144432
 859 0.144464 0.144432
 860 0.144455 0.144432
 861 0.144485 0.144433
 862 0.144431 0.144433
 863 0.144504 0.144433
 864 0.144404 0.144434
 865 0.14452 0.144433
 866 0.144374 0.144434
 867 0.144533 0.144434
 868 0.144343 0.144435
 869 0.144545 0.144434
 870 0.144309 0.144436
 871 0.144554 0.144434
 872 0.144272 0.144436
 873 0.14456 0.144434
 874 0.144233 0.144437
 875 0.144565 0.144435
 876 0.144192 0.144437
 877 0.144566 0.144435
 878 0.144201 0.144438
 879 0.144566 0.144436
 880 0.14424 0.144438
 881 0.144563 0.144436
 882 0.144278 0.144439
 883 0.144558 0.144437
 884 0.144313 0.144439
 885 0.14455 0.144437
 886 0.144346 0.144439
 887 0.144541 0.144438
 888 0.144376 0.14444
 889 0.144529 0.144438
 890 0.144405 0.14444
 891 0.144514 0.144439
 892 0.144431 0.14444
 893 0.144498 0.14444
 894 0.144454 0.14444
 895 0.144479 0.14444
 896 0.144476 0.144441
 897 0.144457 0.144441
 898 0.144495 0.144441
 899 0.144434 0.144441
 900 0.144512 0.144441
 901 0.144408 0.144442
 902 0.144527 0.144441
 903 0.144381 0.144443
 904 0.144539 0.144442
 905 0.14435 0.144443
 906 0.14455 0.144442
 907 0.144318 0.144444
 908 0.144558 0.144442
 909 0.144284 0.144444
 910 0.144564 0.144443
 911 0.144247 0.144445
 912 0.144568 0.144443
 913 0.144208 0.144445
 914 0.144569 0.144443
 915 0.144219 0.144446
 916 0.144569 0.144444
 917 0.144257 0.144446
 918 0.144566 0.144444
 919 0.144292 0.144447
 920 0.144561 0.144445
 921 0.144325 0.144447
 922 0.144554 0.144445
 923 0.144356 0.144447
 924 0.144545 0.144446
 925 0.144385 0.144448
 926 0.144534 0.144446
 927 0.144411 0.144448
 928 0.144521 0.144447
 929 0.144436 0.144448
 930 0.144505 0.144447
 931 0.144459 0.144448
 932 0.144488 0.144448
 933 0.144479 0.144449
 934 0.144468 0.144449
 935 0.144498 0.144449
 936 0.144446 0.144449
 937 0.144514 0.144449
 938 0.144423 0.14445
 939 0.144528 0.144449
 940 0.144397 0.14445
 941 0.144541 0.144449
 942 0.144369 0.144451
 943 0.144551 0.14445
 944 0.144339 0.144451
 945 0.144559 0.14445
 946 0.144307 0.144452
 947 0.144565 0.14445
 948 0.144274 0.144452
 949 0.144569 0.144451
 950 0.144238 0.144453
 951 0.144572 0.144451
 952 0.144223 0.144453
 953 0.144572 0.144451
 954 0.144259 0.144454
 955 0.14457 0.144452
 956 0.144293 0.144454
 957 0.144566 0.144452
 958 0.144325 0.144454
 959 0.144561 0.144453
 960 0.144355 0.144455
 961 0.144553 0.144453
 962 0.144383 0.144455
 963 0.144543 0.144454
 964 0.144409 0.144455
 965 0.144532 0.144454
 966 0.144433 0.144455
 967 0.144518 0.144455
 968 0.144455 0.144456
 969 0.144502 0.144455
 970 0.144475 0.144456
 971 0.144485 0.144456
 972 0.144494 0.144456
 973 0.144466 0.144456
 974 0.14451 0.144456
 975 0.144445 0.144457
 976 0.144525 0.144457
 977 0.144421 0.144457
 978 0.144538 0.144457
 979 0.144396 0.144458
 980 0.144548 0.144457
 981 0.144369 0.144458
 982 0.144557 0.144457
 983 0.144341 0.144459
 984 0.144564 0.144457
 985 0.14431 0.144459
 986 0.14457 0.144458
 987 0.144277 0.14446
 988 0.144573 0.144458
 989 0.144243 0.14446
 990 0.144575 0.144458
 991 0.144248 0.144461
 992 0.144574 0.144459
 993 0.144282 0.144461
 994 0.144572 0.144459
 995 0.144313 0.144461
 996 0.144568 0.14446
 997 0.144343 0.144462
 998 0.144562 0.14446
 999 0.144371 0.144462
 1000 0.144555 0.14446
 