801 0.144732 0.144598
 802 0.144401 0.1446
 803 0.144738 0.144598
 804 0.144355 0.144601
 805 0.144741 0.144599
 806 0.144324 0.144601
 807 0.144742 0.144599
 808 0.14437 0.144602
 809 0.144739 0.144599
 810 0.144414 0.144602
 811 0.144734 0.1446
 812 0.144454 0.144602
 813 0.144726 0.1446
 814 0.144492 0.144602
 815 0.144716 0.1446
 816 0.144527 0.144602
 817 0.144702 0.144601
 818 0.144559 0.144603
 819 0.144686 0.144601
 820 0.144589 0.144603
 821 0.144667 0.144602
 822 0.144616 0.144603
 823 0.144646 0.144602
 824 0.14464 0.144603
 825 0.144622 0.144603
 826 0.144662 0.144603
 827 0.144595 0.144603
 828 0.144681 0.144603
 829 0.144565 0.144604
 830 0.144697 0.144603
 831 0.144533 0.144604
 832 0.144711 0.144603
 833 0.144499 0.144605
 834 0.144722 0.144603
 835 0.144461 0.144605
 836 0.144731 0.144603
 837 0.144422 0.144606
 838 0.144737 0.144604
 839 0.144379 0.144606
 840 0.14474 0.144604
 841 0.144334 0.144606
 842 0.144741 0.144604
 843 0.144376 0.144607
 844 0.144739 0.144604
 845 0.144417 0.144607
 846 0.144735 0.144605
 847 0.144455 0.144607
 848 0.144728 0.144605
 849 0.144491 0.144607
 850 0.144719 0.144605
 851 0.144525 0.144607
 852 0.144707 0.144606
 853 0.144556 0.144608
 854 0.144693 0.144606
 855 0.144585 0.144608
 856 0.144676 0.144607
 857 0.144611 0.144608
 858 0.144657 0.144607
 859 0.144635 0.144608
 860 0.144635 0.144608
 861 0.144656 0.144608
 862 0.144611 0.144608
 863 0.144675 0.144608
 864 0.144585 0.144608
 865 0.144692 0.144608
 866 0.144556 0.144609
 867 0.144706 0.144608
 868 0.144524 0.144609
 869 0.144717 0.144608
 870 0.144491 0.14461
 871 0.144727 0.144608
 872 0.144455 0.14461
 873 0.144733 0.144608
 874 0.144416 0.144611
 875 0.144738 0.144609
 876 0.144375 0.144611
 877 0.14474 0.144609
 878 0.144365 0.144611
 879 0.14474 0.144609
 880 0.144405 0.144611
 881 0.144737 0.144609
 882 0.144443 0.144612
 883 0.144733 0.14461
 884 0.144479 0.144612
 885 0.144725 0.14461
 886 0.144512 0.144612
 887 0.144716 0.14461
 888 0.144543 0.144612
 889 0.144704 0.144611
 890 0.144571 0.144612
 891 0.14469 0.144611
 892 0.144597 0.144612
 893 0.144674 0.144611
 894 0.144621 0.144612
 895 0.144655 0.144612
 896 0.144643 0.144612
 897 0.144634 0.144612
 898 0.144663 0.144613
 899 0.144611 0.144613
 900 0.14468 0.144613
 901 0.144586 0.144613
 902 0.144695 0.144613
 903 0.144558 0.144614
 904 0.144708 0.144613
 905 0.144528 0.144614
 906 0.144719 0.144613
 907 0.144496 0.144614
 908 0.144727 0.144613
 909 0.144462 0.144615
 910 0.144733 0.144613
 911 0.144426 0.144615
 912 0.144737 0.144613
 913 0.144387 0.144615
 914 0.144739 0.144613
 915 0.144381 0.144616
 916 0.144739 0.144614
 917 0.144418 0.144616
 918 0.144737 0.144614
 919 0.144454 0.144616
 920 0.144732 0.144614
 921 0.144487 0.144616
 922 0.144726 0.144614
 923 0.144519 0.144616
 924 0.144717 0.144615
 925 0.144548 0.144617
 926 0.144706 0.144615
 927 0.144575 0.144617
 928 0.144693 0.144615
 929 0.1446 0.144617
 930 0.144678 0.144616
 931 0.144623 0.144617
 932 0.14466 0.144616
 933 0.144643 0.144617
 934 0.144641 0.144617
 935 0.144662 0.144617
 936 0.14462 0.144617
 937 0.144679 0.144617
 938 0.144596 0.144617
 939 0.144693 0.144617
 940 0.144571 0.144618
 941 0.144706 0.144617
 942 0.144543 0.144618
 943 0.144716 0.144617
 944 0.144514 0.144619
 945 0.144725 0.144617
 946 0.144482 0.144619
 947 0.144731 0.144617
 948 0.144449 0.144619
 949 0.144736 0.144617
 950 0.144413 0.14462
 951 0.144738 0.144618
 952 0.144381 0.14462
 953 0.144739 0.144618
 954 0.144417 0.14462
 955 0.144737 0.144618
 956 0.144452 0.14462
 957 0.144734 0.144618
 958 0.144484 0.14462
 959 0.144728 0.144619
 960 0.144514 0.144621
 961 0.144721 0.144619
 962 0.144542 0.144621
 963 0.144711 0.144619
 964 0.144569 0.144621
 965 0.1447 0.144619
 966 0.144593 0.144621
 967 0.144687 0.14462
 968 0.144616 0.144621
 969 0.144672 0.14462
 970 0.144636 0.144621
 971 0.144654 0.144621
 972 0.144655 0.144621
 973 0.144635 0.144621
 974 0.144672 0.144621
 975 0.144614 0.144621
 976 0.144687 0.144621
 977 0.144592 0.144622
 978 0.1447 0.144621
 979 0.144567 0.144622
 980 0.144711 0.144621
 981 0.14454 0.144622
 982 0.14472 0.144621
 983 0.144512 0.144623
 984 0.144727 0.144621
 985 0.144481 0.144623
 986 0.144733 0.144621
 987 0.144449 0.144623
 988 0.144736 0.144622
 989 0.144415 0.144624
 990 0.144738 0.144622
 991 0.144404 0.144624
 992 0.144738 0.144622
 993 0.144438 0.144624
 994 0.144736 0.144622
 995 0.144469 0.144624
 996 0.144732 0.144622
 997 0.144499 0.144624
 998 0.144727 0.144623
 999 0.144527 0.144625
 1000 0.144719 0.144623
 