801 0.144591
 802 0.144593
 803 0.144592
 804 0.144593
 805 0.144592
 806 0.144594
 807 0.144593
 808 0.144594
 809 0.144593
 810 0.144594
 811 0.144594
 812 0.144594
 813 0.144594
 814 0.144594
 815 0.144595
 816 0.144594
 817 0.144595
 818 0.144594
 819 0.144596
 820 0.144594
 821 0.144596
 822 0.144594
 823 0.144597
 824 0.144595
 825 0.144597
 826 0.144595
 827 0.144597
 828 0.144595
 829 0.144598
 830 0.144596
 831 0.144598
 832 0.144596
 833 0.144598
 834 0.144596
 835 0.144598
 836 0.144597
 837 0.144599
 838 0.144597
 839 0.144599
 840 0.144598
 841 0.144599
 842 0.144598
 843 0.144599
 844 0.144599
 845 0.144599
 846 0.144599
 847 0.144599
 848 0.1446
 849 0.144599
 850 0.1446
 851 0.144599
 852 0.144601
 853 0.144599
 854 0.144601
 855 0.1446
 856 0.144601
 857 0.1446
 858 0.144602
 859 0.1446
 860 0.144602
 861 0.1446
 862 0.144603
 863 0.1446
 864 0.144603
 865 0.144601
 866 0.144603
 867 0.144601
 868 0.144603
 869 0.144601
 870 0.144604
 871 0.144602
 872 0.144604
 873 0.144602
 874 0.144604
 875 0.144603
 876 0.144604
 877 0.144603
 878 0.144604
 879 0.144603
 880 0.144604
 881 0.144604
 882 0.144604
 883 0.144604
 884 0.144604
 885 0.144605
 886 0.144604
 887 0.144605
 888 0.144604
 889 0.144606
 890 0.144604
 891 0.144606
 892 0.144605
 893 0.144606
 894 0.144605
 895 0.144607
 896 0.144605
 897 0.144607
 898 0.144605
 899 0.144607
 900 0.144605
 901 0.144608
 902 0.144606
 903 0.144608
 904 0.144606
 905 0.144608
 906 0.144606
 907 0.144608
 908 0.144607
 909 0.144608
 910 0.144607
 911 0.144609
 912 0.144607
 913 0.144609
 914 0.144608
 915 0.144609
 916 0.144608
 917 0.144609
 918 0.144609
 919 0.144609
 920 0.144609
 921 0.144609
 922 0.14461
 923 0.144609
 924 0.14461
 925 0.144609
 926 0.14461
 927 0.144609
 928 0.144611
 929 0.144609
 930 0.144611
 931 0.144609
 932 0.144611
 933 0.14461
 934 0.144612
 935 0.14461
 936 0.144612
 937 0.14461
 938 0.144612
 939 0.14461
 940 0.144612
 941 0.144611
 942 0.144613
 943 0.144611
 944 0.144613
 945 0.144611
 946 0.144613
 947 0.144611
 948 0.144613
 949 0.144612
 950 0.144613
 951 0.144612
 952 0.144613
 953 0.144613
 954 0.144613
 955 0.144613
 956 0.144613
 957 0.144613
 958 0.144613
 959 0.144614
 960 0.144613
 961 0.144614
 962 0.144613
 963 0.144615
 964 0.144614
 965 0.144615
 966 0.144614
 967 0.144615
 968 0.144614
 969 0.144616
 970 0.144614
 971 0.144616
 972 0.144614
 973 0.144616
 974 0.144614
 975 0.144616
 976 0.144614
 977 0.144617
 978 0.144615
 979 0.144617
 980 0.144615
 981 0.144617
 982 0.144615
 983 0.144617
 984 0.144616
 985 0.144617
 986 0.144616
 987 0.144617
 988 0.144616
 989 0.144617
 990 0.144617
 991 0.144617
 992 0.144617
 993 0.144617
 994 0.144617
 995 0.144617
 996 0.144618
 997 0.144618
 998 0.144618
 999 0.144618
 1000 0.144619
 